IdleSouth 30 32 11 18 31 23 15 16
0 0 30 32 0 0 30 32 30 32

IdleSoutheast 29 32 0 28 31 0 14 16
31 0 29 32 0 0 29 32 29 32

IdleEast 27 32 0 26 31 0 13 16
61 0 27 32 0 0 27 32 27 32

IdleNortheast 28 32 0 27 31 0 14 16
89 0 28 32 0 0 28 32 28 32

IdleNorth 30 32 0 29 31 0 15 16
118 0 30 32 0 0 30 32 30 32

IdleNorthwest 28 32 0 27 31 0 14 16
149 0 28 32 0 0 28 32 28 32

IdleWest 27 32 0 26 31 0 13 16
178 0 27 32 0 0 27 32 27 32

IdleSouthwest 29 32 0 28 31 0 14 16
206 0 29 32 0 0 29 32 29 32

WalkSouth 30 33 0 29 32 0 15 16
0 33 30 32 0 1 30 32 30 33
31 33 30 31 0 2 30 31 30 33
62 33 28 33 1 0 28 33 30 33
91 33 30 32 0 1 30 32 30 33
122 33 30 31 0 2 30 31 30 33
153 33 28 33 1 0 28 33 30 33

WalkSoutheast 30 33 0 29 32 0 15 16
182 33 29 32 0 1 29 32 30 33
212 33 30 31 0 2 30 31 30 33
243 33 27 32 1 0 27 32 30 33
271 33 29 32 0 1 29 32 30 33
301 33 30 31 0 2 30 31 30 33
332 33 27 33 1 0 27 33 30 33

WalkEast 28 33 0 27 32 0 14 16
0 67 27 32 0 1 27 32 28 33
28 67 28 31 0 2 28 31 28 33
57 67 26 32 1 0 26 32 28 33
84 67 27 32 0 1 27 32 28 33
112 67 28 31 0 2 28 31 28 33
141 67 26 33 1 0 26 33 28 33

WalkNortheast 29 33 0 28 32 0 14 16
168 67 28 32 0 1 28 32 29 33
197 67 29 31 0 2 29 31 29 33
227 67 27 33 1 0 27 33 29 33
255 67 28 32 0 1 28 32 29 33
284 67 29 31 0 2 29 31 29 33
314 67 27 32 1 0 27 32 29 33

WalkNorth 30 33 0 29 32 0 15 16
0 101 30 32 0 1 30 32 30 33
31 101 30 31 0 2 30 31 30 33
62 101 28 33 1 0 28 33 30 33
91 101 30 32 0 1 30 32 30 33
122 101 30 31 0 2 30 31 30 33
153 101 28 33 1 0 28 33 30 33

WalkNorthwest 29 33 0 28 32 0 14 16
182 101 28 32 0 1 28 32 29 33
211 101 29 31 0 2 29 31 29 33
241 101 27 33 1 0 27 33 29 33
269 101 28 32 0 1 28 32 29 33
298 101 29 31 0 2 29 31 29 33
328 101 27 32 1 0 27 32 29 33

WalkWest 28 33 0 27 32 0 14 16
0 135 27 32 0 1 27 32 28 33
28 135 28 31 0 2 28 31 28 33
57 135 26 32 1 0 26 32 28 33
84 135 27 32 0 1 27 32 28 33
112 135 28 31 0 2 28 31 28 33
141 135 26 33 1 0 26 33 28 33

WalkSouthwest 30 33 0 29 32 0 15 16
168 135 29 32 0 1 29 32 30 33
198 135 30 31 0 2 30 31 30 33
229 135 27 32 1 0 27 32 30 33
257 135 29 32 0 1 29 32 30 33
287 135 30 31 0 2 30 31 30 33
318 135 27 33 1 0 27 33 30 33

StartJumpSouth 28 33 0 27 32 0 14 16
0 169 28 33 0 0 28 33 28 33

StartJumpSoutheast 27 33 0 26 32 0 13 16
29 169 27 33 0 0 27 33 27 33

StartJumpEast 26 33 0 25 32 0 13 16
57 169 26 33 0 0 26 33 26 33

StartJumpNortheast 29 32 0 28 31 0 14 16
84 169 29 32 0 0 29 32 29 32

StartJumpNorth 28 33 0 27 32 0 14 16
114 169 28 33 0 0 28 33 28 33

StartJumpNorthwest 29 32 0 28 31 0 14 16
143 169 29 32 0 0 29 32 29 32

StartJumpWest 26 33 0 25 32 0 13 16
173 169 26 33 0 0 26 33 26 33

StartJumpSouthwest 27 33 0 26 32 0 13 16
200 169 27 33 0 0 27 33 27 33

JumpSouth 28 33 0 27 32 0 14 16
0 203 28 33 0 0 28 33 28 33

JumpSoutheast 26 32 0 25 31 0 13 16
29 203 26 32 0 0 26 32 26 32

JumpEast 24 33 0 23 32 0 12 16
56 203 24 33 0 0 24 33 24 33

JumpNortheast 27 32 0 26 31 0 13 16
81 203 27 32 0 0 27 32 27 32

JumpNorth 28 33 0 27 32 0 14 16
109 203 28 33 0 0 28 33 28 33

JumpNorthwest 27 32 0 26 31 0 13 16
138 203 27 32 0 0 27 32 27 32

JumpWest 24 33 0 23 32 0 12 16
166 203 24 33 0 0 24 33 24 33

JumpSouthwest 26 32 0 25 31 0 13 16
191 203 26 32 0 0 26 32 26 32

FallSouth 30 30 0 29 29 0 15 15
0 237 30 30 0 0 30 30 30 30

FallSoutheast 30 29 0 29 28 0 15 14
31 237 30 29 0 0 30 29 30 29

FallEast 29 30 0 28 29 0 14 15
62 237 29 30 0 0 29 30 29 30

FallNortheast 26 30 0 25 29 0 13 15
92 237 26 30 0 0 26 30 26 30

FallNorth 30 30 0 29 29 0 15 15
119 237 30 30 0 0 30 30 30 30

FallNorthwest 26 30 0 25 29 0 13 15
150 237 26 30 0 0 26 30 26 30

FallWest 29 30 0 28 29 0 14 15
177 237 29 30 0 0 29 30 29 30

FallSouthwest 30 29 0 29 28 0 15 14
207 237 30 29 0 0 30 29 30 29

LandSouth 32 33 0 31 32 0 16 16
0 268 32 30 0 3 32 30 32 33
33 268 30 33 1 0 30 33 32 33

LandSoutheast 34 33 0 33 32 0 17 16
64 268 32 28 2 5 32 28 34 33
97 268 29 33 0 0 29 33 34 33

LandEast 32 33 0 31 32 0 16 16
127 268 32 28 0 5 32 28 32 33
160 268 26 33 0 0 26 33 32 33

LandNortheast 33 33 0 32 32 0 16 16
187 268 31 27 2 6 31 27 33 33
219 268 28 33 0 0 28 33 33 33

LandNorth 32 33 0 31 32 0 16 16
0 302 32 30 0 3 32 30 32 33
33 302 30 33 1 0 30 33 32 33

LandNorthwest 33 33 0 32 32 0 16 16
64 302 31 27 2 6 31 27 33 33
96 302 28 33 0 0 28 33 33 33

LandWest 32 33 0 31 32 0 16 16
125 302 32 28 0 5 32 28 32 33
158 302 26 33 0 0 26 33 32 33

LandSouthwest 34 33 0 33 32 0 17 16
185 302 32 28 2 5 32 28 34 33
218 302 29 33 0 0 29 33 34 33

Death 45 35 0 44 34 0 22 17
0 345 29 32 5 3 29 32 45 35
30 345 34 23 6 12 34 23 45 35
65 345 30 28 7 7 30 28 45 35
96 345 28 33 0 1 28 33 45 35
125 345 26 35 7 0 26 35 45 35
152 345 29 34 13 1 29 34 45 35
182 345 31 25 14 10 31 25 45 35
214 345 27 26 16 9 27 26 45 35
242 345 30 27 14 8 30 27 45 35
242 345 30 27 14 8 30 27 45 35
242 345 30 27 14 8 30 27 45 35
242 345 30 27 14 8 30 27 45 35
242 345 30 27 14 8 30 27 45 35
242 345 30 27 14 8 30 27 45 35
242 345 30 27 14 8 30 27 45 35
242 345 30 27 14 8 30 27 45 35
273 345 29 26 14 9 29 26 45 35
303 345 34 22 11 13 34 22 45 35
338 345 26 32 10 3 26 32 45 35
365 345 29 30 10 5 29 30 45 35
395 345 29 29 10 6 29 29 45 35
365 345 29 30 10 5 29 30 45 35
395 345 29 29 10 6 29 29 45 35
365 345 29 30 10 5 29 30 45 35
395 345 29 29 10 6 29 29 45 35
365 345 29 30 10 5 29 30 45 35
395 345 29 29 10 6 29 29 45 35
365 345 29 30 10 5 29 30 45 35
395 345 29 29 10 6 29 29 45 35
365 345 29 30 10 5 29 30 45 35
395 345 29 29 10 6 29 29 45 35
365 345 29 30 10 5 29 30 45 35
395 345 29 29 10 6 29 29 45 35
365 345 29 30 10 5 29 30 45 35
395 345 29 29 10 6 29 29 45 35
365 345 29 30 10 5 29 30 45 35
395 345 29 29 10 6 29 29 45 35
303 345 34 22 11 13 34 22 45 35
273 345 29 26 14 9 29 26 45 35
242 345 30 27 14 8 30 27 45 35

Corpse 45 35 14 43 34 8 22 17
242 345 30 27 14 8 30 27 45 35
