IdleSouth 24 35 8 15 34 24 12 17
0 0 24 35 0 0 24 35 35 35

IdleSoutheast 24 35 2 22 34 0 12 17
25 0 21 35 2 0 21 35 35 35

IdleEast 24 35 0 22 34 0 12 17
47 0 23 35 0 0 23 35 35 35

IdleNortheast 24 35 1 22 34 0 12 17
71 0 22 35 1 0 22 35 35 35

IdleNorth 24 35 0 23 34 0 12 17
94 0 24 35 0 0 24 35 35 35

WalkSouth 24 36 4 19 21 12 12 18
0 36 24 35 0 1 24 35 36 36
25 36 24 36 0 0 24 36 36 36
50 36 24 34 0 2 24 34 36 36
75 36 24 35 0 1 24 35 36 36
100 36 24 36 0 0 24 36 36 36
125 36 24 34 0 2 24 34 36 36

WalkSoutheast 24 35 2 22 34 0 12 17
0 73 21 35 2 0 21 35 35 35
22 73 21 35 2 0 21 35 35 35
44 73 21 33 2 1 21 33 35 35
66 73 21 35 2 0 21 35 35 35
88 73 21 35 2 0 21 35 35 35
110 73 21 34 2 1 21 34 35 35

WalkEast 24 36 0 22 35 0 12 18
0 109 23 35 0 1 23 35 36 36
24 109 21 36 2 0 21 36 36 36
46 109 21 33 2 2 21 33 36 36
68 109 23 35 0 1 23 35 36 36
92 109 21 36 2 0 21 36 36 36
114 109 21 34 2 2 21 34 36 36

WalkNortheast 24 36 0 22 35 0 12 18
0 146 22 35 0 1 22 35 36 36
23 146 21 36 2 0 21 36 36 36
45 146 22 35 0 1 22 35 36 36
68 146 22 35 0 1 22 35 36 36
91 146 21 36 2 0 21 36 36 36
113 146 22 34 0 1 22 34 36 36

WalkNorth 24 36 0 23 35 1 12 18
0 183 24 35 0 1 24 35 36 36
25 183 24 35 0 1 24 35 36 36
50 183 24 34 0 2 24 34 36 36
75 183 24 35 0 1 24 35 36 36
100 183 24 35 0 1 24 35 36 36
125 183 24 34 0 2 24 34 36 36

StartJumpSouth 26 35 1 24 34 0 13 17
0 219 24 35 1 0 24 35 35 35
25 219 24 32 1 3 24 32 35 35
50 219 24 35 1 0 24 35 35 35

StartJumpSoutheast 25 35 2 23 34 0 12 17
75 219 21 35 2 0 21 35 35 35
97 219 21 32 3 3 21 32 35 35
119 219 21 35 2 0 21 35 35 35

StartJumpEast 26 35 1 24 34 0 13 17
0 255 23 35 1 0 23 35 35 35
24 255 20 35 5 0 20 35 35 35
45 255 22 35 2 0 22 35 35 35

StartJumpNortheast 26 35 0 25 34 0 13 17
68 255 22 35 1 0 22 35 35 35
91 255 21 35 5 0 21 35 35 35
113 255 23 35 0 0 23 35 35 35

StartJumpNorth 26 34 1 24 33 0 13 17
0 291 24 34 1 0 24 34 34 34
25 291 24 34 1 0 24 34 34 34
50 291 24 34 1 0 24 34 34 34

JumpSouth 26 32 1 24 31 0 13 16
75 291 24 32 1 0 24 32 32 32

JumpSoutheast 25 32 2 22 31 0 12 16
100 291 21 32 2 0 21 32 32 32

JumpEast 26 33 3 23 32 0 13 16
122 291 21 33 3 0 21 33 33 33

JumpNortheast 26 33 1 22 32 0 13 16
144 291 22 33 1 0 22 33 33 33

JumpNorth 26 32 1 24 31 0 13 16
167 291 24 32 1 0 24 32 32 32

FallSouth 26 36 0 25 35 0 13 18
0 326 26 36 0 0 26 36 36 36

FallSoutheast 25 35 1 23 34 0 12 17
27 326 23 35 1 0 23 35 35 35

FallEast 26 35 4 25 34 0 13 17
51 326 22 35 4 0 22 35 35 35

FallNortheast 26 35 3 23 34 0 13 17
74 326 21 35 3 0 21 35 35 35

FallNorth 26 34 0 25 33 0 13 17
96 326 26 34 0 0 26 34 34 34

LandSouth 26 35 1 24 34 0 13 17
0 363 24 35 1 0 24 35 35 35
25 363 24 35 1 0 24 35 35 35

LandSoutheast 25 35 2 24 34 0 12 17
50 363 23 33 2 2 23 33 35 35
74 363 21 35 2 0 21 35 35 35

LandEast 26 36 1 25 35 0 13 18
96 363 20 35 6 1 20 35 36 36
117 363 23 36 1 0 23 36 36 36

LandNortheast 26 36 1 23 35 0 13 18
0 400 21 35 3 1 21 35 36 36
22 400 22 36 1 0 22 36 36 36

LandNorth 26 34 1 24 33 0 13 17
45 400 24 34 1 0 24 34 34 34
70 400 24 33 1 1 24 33 34 34

Death 36 41 0 35 40 0 18 20
0 437 21 35 2 5 21 35 41 41
22 437 23 33 0 7 23 33 41 41
70 437 21 32 1 8 21 32 41 41
92 437 21 36 2 4 21 36 41 41
114 437 21 35 2 5 21 35 41 41
136 437 22 31 2 9 22 31 41 41
159 437 21 40 2 0 21 40 41 41
181 437 26 38 4 2 26 38 41 41
208 437 33 22 3 19 33 22 41 41
0 478 32 22 4 19 32 22 41 41
33 478 32 22 4 19 32 22 41 41
33 478 32 22 4 19 32 22 41 41

Corpse 36 41 4 35 40 19 18 20
33 478 32 22 4 19 32 22 41 41